const uint16_t audio_back[] = {
    1944, 1968, 2040, 2010, 2007, 2060, 2137, 2084, 2162, 2243, 2170, 2230, 
    2287, 2251, 2282, 2372, 2272, 2289, 2308, 2319, 2287, 2234, 2220, 2178, 
    2203, 2200, 2142, 2120, 2125, 2094, 2060, 2111, 2114, 2136, 2109, 2132, 
    2153, 2138, 2135, 2059, 2057, 2032, 1945, 1945, 1882, 1852, 1835, 1772, 
    1703, 1743, 1636, 1611, 1577, 1535, 1542, 1451, 1392, 1473, 1429, 1408, 
    1406, 1405, 1425, 1467, 1462, 1522, 1550, 1588, 1622, 1642, 1678, 1741, 
    1744, 1727, 1844, 1861, 1921, 1996, 2017, 2040, 2123, 2147, 2215, 2214, 
    2223, 2257, 2232, 2249, 2282, 2243, 2163, 2259, 2265, 2200, 2172, 2206, 
    2206, 2156, 2087, 2131, 2148, 2082, 2048, 2017, 2028, 2025, 2006, 1964, 
    2004, 1985, 1959, 1967, 1945, 1920, 1878, 1884, 1924, 1870, 1887, 1896, 
    1896, 1892, 1903, 1917, 1946, 1954, 1929, 1962, 1953, 1978, 1943, 1955, 
    1947, 1899, 1902, 1895, 1824, 1806, 1796, 1791, 1767, 1727, 1711, 1706, 
    1665, 1673, 1650, 1643, 1673, 1708, 1715, 1753, 1817, 1831, 1883, 1925, 
    1986, 2010, 2051, 2118, 2132, 2143, 2236, 2282, 2303, 2336, 2383, 2460, 
    2502, 2533, 2568, 2599, 2644, 2695, 2693, 2716, 2733, 2711, 2732, 2737, 
    2698, 2706, 2692, 2666, 2657, 2610, 2565, 2520, 2452, 2430, 2382, 2296, 
    2267, 2232, 2183, 2111, 2105, 2075, 2050, 2003, 2004, 1961, 1924, 1907, 
    1876, 1871, 1829, 1804, 1783, 1797, 1785, 1740, 1782, 1796, 1770, 1799, 
    1813, 1804, 1829, 1828, 1818, 1868, 1915, 1890, 1888, 1923, 1959, 1968, 
    1979, 1976, 1999, 2010, 2030, 1999, 1989, 2025, 2024, 1993, 1995, 2017, 
    2046, 2014, 1987, 2048, 2069, 2058, 2063, 2089, 2089, 2113, 2117, 2093, 
    2138, 2147, 2139, 2174, 2204, 2216, 2227, 2231, 2279, 2271, 2282, 2298, 
    2287, 2329, 2342, 2328, 2347, 2354, 2379, 2369, 2357, 2372, 2373, 2361, 
    2334, 2335, 2286, 2269, 2257, 2190, 2135, 2107, 2074, 2026, 1976, 1954, 
    1878, 1857, 1834, 1766, 1714, 1708, 1631, 1615, 1601, 1533, 1527, 1529, 
    1489, 1473, 1494, 1476, 1490, 1518, 1502, 1537, 1568, 1573, 1622, 1622, 
    1678, 1698, 1738, 1782, 1817, 1877, 1893, 1941, 1998, 2030, 2025, 2098, 
    2114, 2113, 2132, 2154, 2174, 2174, 2210, 2199, 2202, 2243, 2221, 2226, 
    2255, 2246, 2249, 2250, 2276, 2276, 2286, 2285, 2289, 2314, 2309, 2324, 
    2348, 2350, 2342, 2364, 2377, 2361, 2363, 2352, 2337, 2357, 2336, 2316, 
    2314, 2327, 2280, 2301, 2282, 2275, 2249, 2252, 2225, 2185, 2186, 2164, 
    2127, 2079, 2089, 2047, 2019, 1981, 1948, 1926, 1885, 1861, 1826, 1785, 
    1754, 1729, 1678, 1647, 1652, 1594, 1562, 1579, 1546, 1542, 1526, 1537, 
    1539, 1538, 1555, 1570, 1583, 1620, 1636, 1657, 1693, 1750, 1769, 1797, 
    1854, 1898, 1945, 1982, 2006, 2061, 2106, 2134, 2179, 2207, 2225, 2270, 
    2291, 2319, 2349, 2365, 2376, 2404, 2427, 2404, 2439, 2439, 2428, 2438, 
    2421, 2421, 2412, 2415, 2380, 2385, 2382, 2364, 2345, 2351, 2317, 2311, 
    2320, 2297, 2273, 2264, 2254, 2241, 2226, 2209, 2188, 2170, 2171, 2147, 
    2123, 2094, 2066, 2053, 2018, 1985, 1950, 1925, 1894, 1869, 1841, 1811, 
    1802, 1787, 1745, 1743, 1736, 1717, 1696, 1703, 1678, 1669, 1694, 1687, 
    1687, 1697, 1717, 1720, 1756, 1787, 1794, 1820, 1854, 1884, 1911, 1926, 
    1939, 1965, 1989, 2006, 2018, 2045, 2064, 2065, 2080, 2093, 2111, 2104, 
    2100, 2104, 2132, 2110, 2113, 2123, 2121, 2130, 2147, 2139, 2143, 2170, 
    2162, 2169, 2177, 2186, 2173, 2174, 2174, 2170, 2163, 2166, 2166, 2174, 
    2168, 2175, 2187, 2203, 2203, 2186, 2209, 2210, 2211, 2214, 2204, 2215, 
    2207, 2216, 2212, 2203, 2194, 2186, 2194, 2169, 2148, 2137, 2117, 2088, 
    2070, 2046, 2013, 1995, 1970, 1957, 1928, 1908, 1894, 1890, 1868, 1851, 
    1840, 1835, 1817, 1786, 1792, 1785, 1792, 1777, 1770, 1787, 1800, 1795, 
    1809, 1819, 1825, 1840, 1856, 1862, 1878, 1896, 1908, 1930, 1954, 1967, 
    1984, 2006, 2037, 2037, 2067, 2088, 2085, 2109, 2115, 2130, 2135, 2144, 
    2162, 2160, 2173, 2193, 2207, 2219, 2226, 2241, 2261, 2267, 2274, 2286, 
    2286, 2310, 2319, 2316, 2333, 2347, 2327, 2336, 2351, 2336, 2338, 2328, 
    2331, 2305, 2302, 2286, 2265, 2259, 2243, 2233, 2216, 2209, 2187, 2174, 
    2170, 2151, 2127, 2116, 2086, 2060, 2042, 2017, 1992, 1958, 1948, 1921, 
    1905, 1871, 1857, 1835, 1807, 1795, 1771, 1758, 1734, 1722, 1706, 1691, 
    1691, 1677, 1663, 1663, 1658, 1650, 1655, 1662, 1665, 1660, 1677, 1684, 
    1691, 1711, 1727, 1740, 1783, 1783, 1823, 1847, 1877, 1901, 1925, 1956, 
    1974, 2001, 2016, 2043, 2059, 2078, 2092, 2115, 2127, 2143, 2163, 2174, 
    2193, 2211, 2222, 2242, 2264, 2270, 2281, 2299, 2318, 2326, 2337, 2345, 
    2346, 2362, 2361, 2370, 2362, 2369, 2369, 2360, 2355, 2349, 2351, 2337, 
    2334, 2327, 2322, 2314, 2301, 2292, 2288, 2274, 2266, 2249, 2247, 2231, 
    2209, 2191, 2188, 2169, 2139, 2124, 2115, 2095, 2073, 2052, 2030, 2019, 
    1999, 1974, 1960, 1946, 1929, 1909, 1901, 1896, 1879, 1869, 1862, 1849, 
    1844, 1840, 1832, 1833, 1820, 1817, 1829, 1817, 1810, 1817, 1808, 1804, 
    1811, 1812, 1807, 1807, 1813, 1808, 1818, 1818, 1813, 1821, 1830, 1824, 
    1829, 1845, 1852, 1853, 1866, 1879, 1894, 1900, 1915, 1931, 1946, 1966, 
    1982, 1994, 2031, 2038, 2059, 2094, 2114, 2133, 2152, 2183, 2209, 2231, 
    2250, 2270, 2293, 2302, 2313, 2334, 2340, 2343, 2359, 2364, 2362, 2373, 
    2371, 2367, 2366, 2369, 2363, 2359, 2354, 2338, 2338, 2329, 2317, 2302, 
    2292, 2283, 2261, 2252, 2224, 2207, 2186, 2170, 2151, 2126, 2110, 2079, 
    2054, 2046, 2015, 1997, 1985, 1964, 1951, 1932, 1917, 1902, 1879, 1865, 
    1846, 1828, 1815, 1798, 1782, 1771, 1759, 1755, 1741, 1739, 1732, 1724, 
    1729, 1726, 1730, 1734, 1737, 1749, 1763, 1767, 1783, 1800, 1814, 1835, 
    1845, 1861, 1880, 1890, 1905, 1920, 1932, 1947, 1956, 1973, 1989, 2006, 
    2021, 2034, 2050, 2061, 2075, 2086, 2095, 2109, 2112, 2117, 2130, 2135, 
    2139, 2145, 2151, 2156, 2156, 2157, 2156, 2153, 2150, 2152, 2142, 2135, 
    2132, 2125, 2121, 2115, 2111, 2110, 2105, 2099, 2102, 2093, 2089, 2077, 
    2072, 2066, 2056, 2054, 2049, 2034, 2027, 2026, 2025, 2023, 2000, 1978, 
    1980, 1980, 1964, 1952, 1952, 1947, 1946, 1942, 1947, 1958, 1964, 1961, 
    1961, 1977, 1998, 2002, 2025, 2045, 2059, 2070, 2086, 2101, 2119, 2142, 
    2157, 2178, 2205, 2221, 2243, 2266, 2278, 2293, 2308, 2333, 2358, 2371, 
    2381, 2398, 2409, 2413, 2413, 2413, 2411, 2415, 2414, 2398, 2384, 2367, 
    2341, 2316, 2289, 2264, 2218, 2191, 2158, 2115, 2086, 2057, 2026, 1980, 
    1940, 1899, 1862, 1830, 1792, 1762, 1737, 1710, 1682, 1657, 1630, 1609, 
    1586, 1565, 1553, 1542, 1505, 1511, 1544, 1499, 1483, 1513, 1532, 1521, 
    1534, 1546, 1542, 1567, 1581, 1579, 1597, 1598, 1614, 1649, 1670, 1673, 
    1704, 1717, 1736, 1764, 1777, 1784, 1811, 1834, 1857, 1884, 1890, 1943, 
    1964, 1978, 2020, 2053, 2074, 2091, 2125, 2147, 2187, 2219, 2255, 2295, 
    2344, 2385, 2424, 2469, 2499, 2528, 2556, 2591, 2610, 2620, 2648, 2679, 
    2692, 2717, 2738, 2752, 2768, 2777, 2779, 2778, 2786, 2779, 2761, 2753, 
    2751, 2731, 2704, 2689, 2680, 2667, 2636, 2607, 2582, 2548, 2506, 2459, 
    2407, 2364, 2315, 2254, 2210, 2159, 2131, 2080, 2028, 2003, 1957, 1917, 
    1874, 1830, 1784, 1763, 1731, 1692, 1666, 1646, 1634, 1624, 1622, 1610, 
    1593, 1583, 1574, 1563, 1558, 1554, 1544, 1538, 1544, 1540, 1538, 1539, 
    1541, 1542, 1551, 1569, 1575, 1566, 1563, 1565, 1565, 1570, 1568, 1569, 
    1572, 1577, 1586, 1594, 1592, 1593, 1595, 1598, 1605, 1616, 1618, 1615, 
    1626, 1645, 1669, 1690, 1716, 1750, 1788, 1818, 1841, 1872, 1904, 1935, 
    1966, 2002, 2040, 2073, 2107, 2149, 2183, 2220, 2254, 2281, 2314, 2346, 
    2370, 2390, 2409, 2427, 2445, 2465, 2477, 2491, 2504, 2517, 2531, 2538, 
    2544, 2549, 2549, 2545, 2543, 2538, 2527, 2519, 2510, 2503, 2500, 2490, 
    2482, 2477, 2474, 2470, 2460, 2453, 2448, 2434, 2421, 2412, 2401, 2398, 
    2384, 2374, 2358, 2353, 2345, 2328, 2311, 2299, 2281, 2263, 2246, 2225, 
    2203, 2179, 2156, 2132, 2112, 2089, 2065, 2039, 2014, 1984, 1956, 1930, 
    1897, 1860, 1828, 1796, 1755, 1721, 1686, 1655, 1628, 1598, 1569, 1542, 
    1521, 1501, 1478, 1461, 1445, 1430, 1424, 1417, 1412, 1405, 1408, 1414, 
    1419, 1435, 1451, 1467, 1485, 1502, 1523, 1549, 1573, 1599, 1625, 1656, 
    1685, 1716, 1748, 1783, 1819, 1853, 1888, 1923, 1951, 1985, 2013, 2040, 
    2064, 2090, 2115, 2140, 2164, 2186, 2211, 2234, 2252, 2273, 2295, 2316, 
    2333, 2353, 2370, 2388, 2407, 2421, 2438, 2456, 2471, 2486, 2502, 2513, 
    2526, 2538, 2548, 2556, 2562, 2563, 2567, 2573, 2576, 2576, 2575, 2582, 
    2586, 2584, 2587, 2582, 2580, 2575, 2564, 2556, 2544, 2530, 2511, 2492, 
    2472, 2448, 2424, 2397, 2367, 2335, 2298, 2259, 2220, 2176, 2136, 2093, 
    2054, 2012, 1970, 1929, 1888, 1854, 1819, 1786, 1755, 1724, 1691, 1662, 
    1631, 1602, 1577, 1557, 1532, 1509, 1494, 1481, 1467, 1455, 1446, 1438, 
    1437, 1430, 1428, 1429, 1428, 1429, 1435, 1443, 1455, 1463, 1475, 1490, 
    1503, 1519, 1530, 1549, 1564, 1580, 1598, 1615, 1634, 1652, 1673, 1696, 
    1719, 1746, 1773, 1802, 1834, 1865, 1896, 1928, 1964, 1998, 2034, 2069, 
    2105, 2139, 2174, 2213, 2247, 2282, 2319, 2352, 2383, 2417, 2445, 2476, 
    2502, 2522, 2552, 2576, 2596, 2616, 2635, 2654, 2670, 2686, 2701, 2711, 
    2722, 2728, 2731, 2735, 2733, 2731, 2727, 2719, 2708, 2696, 2684, 2667, 
    2649, 2630, 2609, 2585, 2557, 2530, 2498, 2464, 2431, 2395, 2360, 2323, 
    2286, 2248, 2208, 2171, 2129, 2092, 2054, 2014, 1977, 1939, 1899, 1862, 
    1828, 1794, 1763, 1733, 1706, 1678, 1653, 1632, 1610, 1591, 1573, 1558, 
    1543, 1530, 1519, 1509, 1497, 1489, 1485, 1480, 1477, 1475, 1476, 1474, 
    1477, 1479, 1480, 1487, 1489, 1495, 1502, 1509, 1517, 1527, 1541, 1554, 
    1567, 1584, 1604, 1619, 1641, 1659, 1681, 1706, 1729, 1755, 1784, 1815, 
    1843, 1877, 1913, 1946, 1982, 2020, 2058, 2096, 2134, 2171, 2207, 2243, 
    2279, 2315, 2348, 2382, 2416, 2446, 2476, 2506, 2532, 2558, 2582, 2599, 
    2618, 2633, 2648, 2657, 2666, 2677, 2682, 2683, 2687, 2685, 2681, 2674, 
    2666, 2656, 2643, 2631, 2613, 2594, 2577, 2554, 2531, 2511, 2487, 2461, 
    2435, 2407, 2381, 2352, 2324, 2294, 2265, 2236, 2206, 2173, 2144, 2116, 
    2084, 2058, 2031, 2003, 1976, 1949, 1920, 1894, 1869, 1842, 1818, 1794, 
    1773, 1749, 1729, 1709, 1686, 1670, 1650, 1633, 1614, 1596, 1581, 1568, 
    1546, 1535, 1522, 1511, 1500, 1489, 1483, 1477, 1469, 1466, 1466, 1468, 
    1469, 1471, 1480, 1489, 1498, 1508, 1520, 1541, 1561, 1580, 1602, 1625, 
    1651, 1676, 1701, 1731, 1759, 1788, 1818, 1849, 1882, 1913, 1948, 1982, 
    2016, 2052, 2087, 2120, 2152, 2188, 2218, 2251, 2282, 2309, 2340, 2367, 
    2391, 2414, 2437, 2458, 2475, 2489, 2506, 2518, 2525, 2535, 2540, 2549, 
    2552, 2553, 2556, 2557, 2558, 2555, 2552, 2551, 2549, 2544, 2540, 2535, 
    2529, 2522, 2514, 2507, 2497, 2488, 2478, 2467, 2452, 2438, 2423, 2405, 
    2389, 2371, 2351, 2329, 2308, 2284, 2261, 2237, 2210, 2185, 2157, 2128, 
    2099, 2069, 2036, 2004, 1972, 1936, 1910, 1873, 1839, 1814, 1777, 1746, 
    1715, 1683, 1657, 1627, 1601, 1578, 1552, 1530, 1515, 1498, 1486, 1473, 
    1462, 1457, 1451, 1448, 1447, 1446, 1449, 1457, 1464, 1474, 1486, 1498, 
    1514, 1531, 1550, 1567, 1589, 1612, 1634, 1659, 1684, 1709, 1736, 1765, 
    1791, 1818, 1846, 1875, 1901, 1928, 1957, 1984, 2009, 2032, 2057, 2083, 
    2108, 2130, 2153, 2176, 2199, 2221, 2245, 2264, 2287, 2309, 2327, 2348, 
    2367, 2387, 2402, 2420, 2437, 2453, 2466, 2484, 2500, 2511, 2525, 2537, 
    2548, 2555, 2564, 2573, 2577, 2583, 2587, 2589, 2591, 2590, 2588, 2586, 
    2579, 2572, 2565, 2553, 2539, 2522, 2507, 2487, 2463, 2441, 2417, 2389, 
    2362, 2332, 2304, 2272, 2241, 2209, 2177, 2145, 2112, 2081, 2048, 2017, 
    1985, 1954, 1926, 1896, 1868, 1840, 1813, 1787, 1762, 1739, 1714, 1692, 
    1672, 1652, 1634, 1614, 1600, 1587, 1574, 1564, 1554, 1547, 1539, 1532, 
    1530, 1527, 1526, 1524, 1525, 1525, 1526, 1528, 1531, 1534, 1541, 1548, 
    1556, 1565, 1576, 1588, 1601, 1614, 1631, 1649, 1665, 1688, 1707, 1731, 
    1757, 1782, 1809, 1840, 1869, 1899, 1932, 1963, 1995, 2029, 2061, 2094, 
    2128, 2162, 2196, 2229, 2263, 2297, 2329, 2360, 2393, 2424, 2452, 2480, 
    2506, 2530, 2551, 2572, 2590, 2604, 2616, 2628, 2638, 2643, 2648, 2648, 
    2650, 2648, 2643, 2638, 2630, 2619, 2608, 2595, 2586, 2569, 2552, 2539, 
    2520, 2501, 2482, 2460, 2438, 2415, 2389, 2365, 2337, 2308, 2280, 2251, 
    2223, 2191, 2160, 2130, 2098, 2070, 2041, 2010, 1983, 1953, 1927, 1899, 
    1872, 1847, 1820, 1796, 1773, 1750, 1728, 1707, 1688, 1669, 1650, 1633, 
    1615, 1601, 1587, 1573, 1561, 1550, 1541, 1532, 1527, 1523, 1518, 1518, 
    1519, 1517, 1519, 1524, 1529, 1531, 1537, 1547, 1556, 1565, 1575, 1589, 
    1600, 1616, 1633, 1649, 1670, 1689, 1710, 1733, 1755, 1778, 1804, 1830, 
    1856, 1885, 1914, 1942, 1972, 2002, 2033, 2063, 2093, 2122, 2151, 2181, 
    2209, 2236, 2265, 2292, 2318, 2344, 2368, 2393, 2416, 2437, 2459, 2479, 
    2497, 2515, 2530, 2545, 2556, 2569, 2580, 2585, 2593, 2602, 2604, 2606, 
    2609, 2609, 2608, 2605, 2601, 2594, 2586, 2578, 2565, 2553, 2540, 2525, 
    2506, 2489, 2469, 2447, 2424, 2401, 2375, 2345, 2318, 2289, 2258, 2226, 
    2195, 2164, 2131, 2100, 2068, 2036, 2006, 1976, 1944, 1916, 1887, 1857, 
    1829, 1800, 1772, 1745, 1719, 1691, 1667, 1642, 1627, 1593, 1585, 1576, 
    1535, 1507, 1525, 1518, 1536, 1539, 1518, 1563, 1569, 1545, 1516, 1617, 
    1616, 1611, 1629, 1631, 1654, 1653, 1585, 1597, 1611, 1627, 1595, 1589, 
    1595, 1540, 1542, 1611, 1528, 1475, 1495, 1635, 1643, 1645, 1634, 1771, 
    1991, 1959, 1904, 1855, 2037, 1980, 1945, 1935, 1999, 2045, 1923, 2025, 
    2177, 2280, 2251, 2067, 2142, 2243, 2214, 2193, 2067, 2110, 2142, 2127, 
    2091, 2130, 2191, 2161, 2156, 2185, 2291, 2173, 2081, 2128, 2032, 2088, 
    2007, 1924, 1910, 1935, 1958, 1915, 1934, 1977, 1987, 1987, 2002, 1937, 
    1896, 1834, 1901, 1908, 1948, 1913, 1953, 2009, 1972, 2050, 2041, 2043, 
    2078, 2149, 2184, 2209, 2190, 2202, 2197, 2274, 2361, 2453, 2502, 2574, 
    2668, 2711, 2715, 2745, 2774, 2788, 2806, 2860, 2866, 2845, 2859, 2823, 
    2741, 2760, 2718, 2631, 2579, 2485, 2356, 2161, 2105, 1997, 1853, 1772, 
    1711, 1647, 1597, 1526, 1431, 1384, 1341, 1345, 1295, 1199, 1230, 1161, 
    1100, 1004, 1140, 1218, 1188, 1305, 1303, 1254, 1227, 1271, 1338, 1373, 
    1488, 1584, 1493, 1632, 1733, 1762, 1832, 1903, 1976, 2058, 2124, 2222, 
    2273, 2260, 2326, 2381, 2385, 2456, 2488, 2516, 2560, 2608, 2648, 2700, 
    2762, 2763, 2779, 2789, 2792, 2809, 2843, 2870, 2835, 2841, 2800, 2759, 
    2769, 2745, 2740, 2720, 2638, 2597, 2518, 2413, 2406, 2310, 2247, 2177, 
    2177, 2109, 2038, 1944, 1870, 1855, 1798, 1712, 1687, 1588, 1524, 1442, 
    1345, 1315, 1270, 1226, 1203, 1141, 1120, 1112, 1134, 1108, 1091, 1079, 
    1146, 1130, 1110, 1157, 1244, 1281, 1294, 1344, 1433, 1532, 1608, 1674, 
    1751, 1833, 1904, 1985, 2030, 2116, 2191, 2246, 2328, 2425, 2509, 2575, 
    2689, 2782, 2834, 2901, 2956, 3000, 3017, 2999, 2996, 2991, 2994, 2982, 
    2934, 2917, 2891, 2866, 2840, 2800, 2744, 2703, 2661, 2584, 2508, 2477, 
    2406, 2366, 2317, 2265, 2209, 2141, 2081, 2042, 1993, 1933, 1871, 1780, 
    1689, 1590, 1519, 1422, 1342, 1288, 1244, 1177, 1140, 1100, 1039, 1043, 
    1048, 1056, 1038, 1047, 1057, 1051, 1085, 1078, 1115, 1154, 1224, 1280, 
    1312, 1376, 1442, 1505, 1553, 1624, 1702, 1768, 1818, 1895, 1943, 2013, 
    2106, 2190, 2259, 2351, 2450, 2541, 2627, 2702, 2749, 2808, 2865, 2913, 
    2968, 3020, 3049, 3067, 3065, 3098, 3125, 3131, 3134, 3145, 3143, 3128, 
    3093, 3084, 3046, 3018, 2976, 2905, 2882, 2839, 2783, 2715, 2648, 2603, 
    2491, 2424, 2340, 2260, 2172, 2049, 1952, 1862, 1788, 1704, 1611, 1534, 
    1465, 1404, 1351, 1286, 1250, 1214, 1142, 1116, 1066, 1050, 1046, 1032, 
    1021, 1025, 1031, 1047, 1066, 1091, 1148, 1200, 1250, 1307, 1345, 1380, 
    1439, 1498, 1562, 1613, 1658, 1728, 1791, 1827, 1877, 1905, 1980, 2030, 
    2067, 2114, 2158, 2191, 2214, 2243, 2259, 2293, 2331, 2380, 2408, 2457, 
    2505, 2542, 2557, 2610, 2648, 2667, 2695, 2729, 2721, 2727, 2742, 2743, 
    2747, 2757, 2761, 2758, 2769, 2781, 2730, 2696, 2672, 2628, 2582, 2528, 
    2483, 2424, 2377, 2307, 2251, 2192, 2140, 2086, 2009, 1941, 1883, 1802, 
    1719, 1644, 1571, 1513, 1451, 1405, 1372, 1349, 1318, 1310, 1291, 1304, 
    1316, 1295, 1327, 1351, 1353, 1352, 1403, 1453, 1469, 1518, 1545, 1591, 
    1637, 1670, 1718, 1756, 1816, 1829, 1854, 1897, 1944, 1988, 2019, 2062, 
    2126, 2157, 2201, 2246, 2287, 2326, 2354, 2397, 2418, 2446, 2449, 2463, 
    2474, 2487, 2516, 2511, 2525, 2546, 2548, 2561, 2565, 2587, 2595, 2591, 
    2592, 2605, 2599, 2594, 2594, 2582, 2577, 2581, 2540, 2523, 2516, 2477, 
    2448, 2394, 2345, 2299, 2239, 2186, 2118, 2050, 1986, 1924, 1861, 1797, 
    1727, 1665, 1611, 1555, 1494, 1439, 1393, 1338, 1309, 1263, 1248, 1226, 
    1209, 1213, 1198, 1208, 1216, 1239, 1260, 1272, 1321, 1344, 1369, 1422, 
    1464, 1518, 1582, 1636, 1688, 1745, 1810, 1861, 1935, 1984, 2039, 2096, 
    2145, 2202, 2243, 2283, 2337, 2396, 2434, 2471, 2521, 2545, 2597, 2618, 
    2653, 2694, 2710, 2743, 2747, 2765, 2778, 2780, 2805, 2817, 2828, 2824, 
    2816, 2820, 2812, 2796, 2778, 2772, 2757, 2729, 2700, 2652, 2623, 2589, 
    2537, 2510, 2462, 2424, 2360, 2296, 2229, 2163, 2092, 2010, 1930, 1856, 
    1780, 1699, 1624, 1556, 1486, 1426, 1380, 1321, 1295, 1258, 1210, 1179, 
    1161, 1135, 1121, 1119, 1120, 1139, 1140, 1163, 1182, 1208, 1247, 1262, 
    1306, 1345, 1373, 1401, 1440, 1470, 1506, 1535, 1579, 1631, 1677, 1724, 
    1759, 1813, 1870, 1922, 1979, 2016, 2087, 2134, 2178, 2231, 2281, 2339, 
    2383, 2449, 2506, 2549, 2611, 2659, 2710, 2767, 2814, 2844, 2883, 2926, 
    2949, 2964, 2995, 3021, 3034, 3035, 3046, 3038, 3027, 3012, 2967, 2952, 
    2908, 2872, 2815, 2750, 2682, 2619, 2557, 2493, 2431, 2364, 2304, 2237, 
    2167, 2093, 2039, 1969, 1915, 1854, 1789, 1741, 1679, 1640, 1582, 1535, 
    1519, 1476, 1457, 1430, 1395, 1374, 1351, 1323, 1302, 1292, 1283, 1280, 
    1266, 1261, 1269, 1278, 1279, 1294, 1314, 1329, 1349, 1369, 1391, 1409, 
    1438, 1460, 1505, 1541, 1588, 1627, 1680, 1734, 1777, 1836, 1887, 1946, 
    1992, 2047, 2087, 2145, 2191, 2223, 2278, 2322, 2372, 2415, 2457, 2497, 
    2531, 2575, 2605, 2626, 2661, 2676, 2689, 2714, 2729, 2744, 2751, 2771, 
    2780, 2782, 2794, 2790, 2787, 2782, 2754, 2738, 2715, 2680, 2632, 2583, 
    2545, 2510, 2460, 2406, 2362, 2325, 2262, 2207, 2162, 2109, 2054, 2007, 
    1950, 1899, 1849, 1799, 1750, 1712, 1687, 1655, 1607, 1593, 1552, 1520, 
    1498, 1467, 1447, 1434, 1413, 1407, 1407, 1408, 1410, 1412, 1433, 1452, 
    1481, 1486, 1512, 1545, 1563, 1585, 1613, 1643, 1665, 1715, 1728, 1763, 
    1806, 1830, 1857, 1891, 1917, 1961, 1986, 2017, 2049, 2083, 2117, 2144, 
    2185, 2221, 2261, 2298, 2337, 2377, 2404, 2439, 2468, 2509, 2536, 2546, 
    2569, 2594, 2605, 2625, 2633, 2650, 2657, 2666, 2669, 2663, 2664, 2656, 
    2646, 2629, 2616, 2596, 2563, 2531, 2502, 2473, 2443, 2398, 2367, 2322, 
    2273, 2229, 2178, 2129, 2074, 2031, 1977, 1931, 1893, 1841, 1800, 1774, 
    1745, 1717, 1691, 1676, 1651, 1625, 1610, 1587, 1571, 1559, 1536, 1524, 
    1508, 1497, 1485, 1464, 1454, 1448, 1438, 1437, 1430, 1427, 1426, 1435, 
    1442, 1454, 1473, 1500, 1528, 1567, 1605, 1643, 1682, 1726, 1776, 1819, 
    1868, 1925, 1964, 2010, 2059, 2105, 2155, 2200, 2254, 2299, 2343, 2390, 
    2423, 2467, 2501, 2533, 2571, 2608, 2636, 2653, 2673, 2695, 2715, 2727, 
    2734, 2745, 2749, 2753, 2741, 2737, 2736, 2718, 2708, 2686, 2670, 2650, 
    2622, 2600, 2568, 2542, 2515, 2478, 2438, 2400, 2355, 2314, 2271, 2224, 
    2176, 2130, 2078, 2031, 1985, 1937, 1886, 1847, 1806, 1760, 1722, 1677, 
    1645, 1613, 1577, 1549, 1525, 1497, 1478, 1455, 1442, 1430, 1414, 1409, 
    1393, 1398, 1391, 1386, 1388, 1385, 1387, 1395, 1400, 1414, 1422, 1439, 
    1460, 1475, 1500, 1523, 1551, 1578, 1613, 1647, 1683, 1714, 1755, 1796, 
    1832, 1880, 1919, 1970, 2016, 2055, 2103, 2152, 2199, 2237, 2287, 2339, 
    2380, 2424, 2466, 2498, 2547, 2584, 2618, 2655, 2686, 2719, 2742, 2766, 
    2786, 2800, 2815, 2825, 2829, 2835, 2832, 2826, 2820, 2810, 2798, 2792, 
    2771, 2744, 2721, 2691, 2659, 2629, 2591, 2551, 2505, 2464, 2416, 2366, 
    2318, 2258, 2211, 2156, 2108, 2043, 1984, 1935, 1875, 1832, 1771, 1723, 
    1678, 1629, 1588, 1546, 1513, 1480, 1448, 1420, 1388, 1367, 1344, 1315, 
    1294, 1275, 1259, 1247, 1241, 1230, 1224, 1232, 1230, 1230, 1240, 1246, 
    1256, 1276, 1297, 1308, 1330, 1356, 1385, 1418, 1444, 1480, 1520, 1555, 
    1596, 1624, 1668, 1707, 1742, 1785, 1826, 1871, 1916, 1951, 1997, 2043, 
    2088, 2136, 2181, 2228, 2268, 2310, 2351, 2385, 2424, 2459, 2487, 2521, 
    2547, 2570, 2591, 2606, 2626, 2641, 2649, 2651, 2656, 2656, 2656, 2641, 
    2640, 2628, 2618, 2604, 2581, 2574, 2558, 2537, 2519, 2498, 2479, 2454, 
    2428, 2395, 2369, 2358, 2337, 2311, 2294, 2279, 2255, 2230, 2214, 2211, 
    2210, 2195, 2181, 2170, 2159, 2149, 2138, 2141, 2142, 2128, 2099, 2097, 
    2106, 2102, 2097, 2074, 2050, 2051, 2038, 2019, 1997, 2002, 2042, 2087, 
    2050, 2031, 2033, 2051, 2084, 2093, 2090, 2123, 2170, 2156, 2154, 2170, 
    2206, 2219, 2224, 2242, 2243, 2244, 2248, 2259, 2269, 2269, 2267, 2279, 
    2280, 2264, 2235, 2200, 2179, 2160, 2129, 2087, 2046, 2012, 1970, 1939, 
    1884, 1852, 1759, 1733, 1517, 1423, 1556, 1495, 1429, 1370, 1360, 1331, 
    1337, 1335, 1369, 1368, 1430, 1439, 1443, 1473, 1543, 1591, 1645, 1731, 
    1772, 1806, 1855, 1897, 1964, 2033, 2084, 2113, 2160, 2164, 2130, 2114, 
    2133, 2078, 2000, 1992, 1896, 1880, 1849, 1806, 1759, 1690, 1602, 1756, 
    1683, 1688, 1705, 1736, 1779, 1830, 1760, 1930, 2028, 2038, 2276, 2265, 
    2459, 2492, 2705, 2753, 2806, 2840, 2857, 3006, 3064, 3130, 3209, 3195, 
    3188, 3083, 3134, 2995, 2869, 2841, 2698, 2477, 2443, 2278, 2272, 2326, 
    2228, 2206, 2202, 2131, 2026, 2015, 1874, 1884, 1693, 1464, 1465, 1604, 
    1636, 1585, 1514, 1488, 1568, 1572, 1531, 1490, 1458, 1412, 1359, 1311, 
    1368, 1361, 1338, 1460, 1654, 1757, 1746, 1740, 1814, 1856, 1818, 1814, 
    1762, 1685, 1640, 1647, 1638, 1688, 1727, 1731, 1857, 1953, 2017, 2016, 
    2041, 2063, 2049, 2046, 2093, 2128, 2219, 2323, 2430, 2500, 2554, 2605, 
    2634, 2697, 2769, 2752, 2615, 2582, 2602, 2634, 2678, 2689, 2725, 2742, 
    2850, 2872, 2888, 2900, 2774, 2675, 2639, 2568, 2504, 2442, 2344, 2269, 
    2243, 2216, 2164, 2081, 2003, 1928, 1791, 1644, 1525, 1317, 1226, 1196, 
    1178, 1182, 1174, 1240, 1363, 1457, 1534, 1533, 1463, 1444, 1451, 1482, 
    1537, 1496, 1455, 1558, 1635, 1797, 1973, 2027, 2109, 2168, 2183, 2205, 
    2136, 2071, 2092, 2021, 2059, 2163, 2152, 2230, 2312, 2350, 2464, 2457, 
    2374, 2333, 2315, 2206, 2110, 1963, 1879, 1901, 1956, 2053, 2152, 2211, 
    2222, 2267, 2286, 2271, 2230, 2157, 2080, 2059, 2030, 2020, 2063, 2092, 
    2211, 2322, 2431, 2462, 2513, 2501, 2453, 2370, 2248, 2085, 1998, 2008, 
    2046, 2033, 2043, 2033, 2061, 2097, 2160, 2158, 2045, 1930, 1787, 1642, 
    1522, 1421, 1302, 1245, 1250, 1292, 1368, 1406, 1407, 1393, 1402, 1417, 
    1374, 1304, 1302, 1320, 1360, 1439, 1489, 1590, 1742, 1956, 2118, 2245, 
    2305, 2277, 2259, 2281, 2294, 2258, 2257, 2202, 2238, 2367, 2419, 2440, 
    2495, 2537, 2578, 2592, 2549, 2530, 2405, 2320, 2273, 2246, 2249, 2241, 
    2241, 2318, 2381, 2381, 2364, 2292, 2273, 2254, 2200, 2216, 2188, 2117, 
    2160, 2229, 2331, 2463, 2483, 2537, 2627, 2661, 2690, 2650, 2552, 2448, 
    2436, 2437, 2413, 2414, 2438, 2405, 2416, 2431, 2369, 2288, 2155, 2078, 
    2060, 1945, 1819, 1730, 1642, 1653, 1706, 1708, 1748, 1746, 1680, 1681, 
    1661, 1584, 1443, 1343, 1326, 1354, 1392, 1417, 1460, 1531, 1621, 1736, 
    1850, 1907, 1912, 1898, 1879, 1882, 1837, 1786, 1802, 1834, 1976, 2121, 
    2171, 2233, 2267, 2312, 2352, 2339, 2258, 2215, 2120, 2074, 2058, 2021, 
    2011, 2057, 2101, 2213, 2304, 2303, 2304, 2255, 2166, 2087, 2003, 1952, 
    1883, 1852, 1863, 1885, 1954, 1978, 2031, 2146, 2231, 2241, 2211, 2161, 
    2085, 2054, 2020, 2005, 2023, 2056, 2163, 2242, 2342, 2419, 2443, 2441, 
    2435, 2394, 2327, 2237, 2119, 2026, 1940, 1910, 1906, 1917, 1995, 2022, 
    2023, 2017, 1972, 1879, 1794, 1708, 1622, 1548, 1468, 1454, 1484, 1536, 
    1620, 1685, 1748, 1820, 1873, 1911, 1889, 1838, 1775, 1759, 1751, 1775, 
    1845, 1931, 2023, 2135, 2232, 2306, 2365, 2406, 2377, 2337, 2294, 2238, 
    2158, 2105, 2083, 2079, 2114, 2149, 2177, 2204, 2228, 2213, 2153, 2062, 
    1969, 1901, 1830, 1823, 1794, 1789, 1837, 1876, 1956, 2061, 2104, 2119, 
    2160, 2158, 2133, 2110, 2067, 2039, 2074, 2094, 2187, 2266, 2336, 2401, 
    2435, 2470, 2500, 2428, 2354, 2329, 2287, 2273, 2236, 2205, 2203, 2234, 
    2296, 2354, 2385, 2385, 2322, 2250, 2204, 2129, 2036, 1977, 1921, 1932, 
    1972, 1984, 2019, 2046, 2055, 2069, 2068, 2053, 1998, 1906, 1842, 1790, 
    1744, 1733, 1744, 1797, 1884, 1970, 2015, 2004, 2004, 1995, 1965, 1909, 
    1866, 1812, 1774, 1783, 1806, 1859, 1910, 1985, 2062, 2126, 2196, 2182, 
    2104, 2043, 1967, 1906, 1884, 1856, 1845, 1888, 1937, 1991, 2055, 2091, 
    2105, 2101, 2110, 2069, 2003, 1916, 1841, 1809, 1810, 1853, 1909, 1988, 
    2064, 2141, 2191, 2218, 2217, 2176, 2127, 2090, 2056, 2022, 2008, 2027, 
    2074, 2159, 2254, 2325, 2407, 2475, 2490, 2485, 2447, 2377, 2320, 2262, 
    2233, 2236, 2222, 2240, 2274, 2303, 2342, 2363, 2332, 2295, 2234, 2153, 
    2078, 1973, 1893, 1840, 1806, 1810, 1836, 1865, 1921, 1932, 1928, 1923, 
    1879, 1835, 1772, 1715, 1684, 1663, 1653, 1661, 1705, 1767, 1826, 1893, 
    1934, 1947, 1971, 1972, 1956, 1938, 1914, 1890, 1915, 1966, 2021, 2082, 
    2110, 2148, 2174, 2181, 2166, 2125, 2081, 2018, 1962, 1926, 1881, 1870, 
    1862, 1886, 1933, 1974, 1999, 2000, 1985, 1960, 1945, 1927, 1890, 1891, 
    1924, 1949, 2014, 2075, 2120, 2174, 2235, 2273, 2320, 2323, 2285, 2264, 
    2237, 2216, 2237, 2248, 2280, 2345, 2399, 2441, 2483, 2479, 2455, 2419, 
    2381, 2332, 2263, 2180, 2135, 2114, 2102, 2102, 2111, 2127, 2137, 2150, 
    2137, 2066, 1984, 1914, 1838, 1797, 1761, 1731, 1731, 1746, 1781, 1835, 
    1883, 1914, 1916, 1907, 1893, 1858, 1807, 1756, 1714, 1694, 1722, 1781, 
    1834, 1906, 1959, 2028, 2081, 2105, 2102, 2083, 2046, 2014, 1978, 1962, 
    1953, 1964, 1996, 2063, 2119, 2155, 2185, 2188, 2177, 2134, 2082, 2017, 
    1950, 1903, 1874, 1870, 1902, 1932, 1976, 2037, 2094, 2128, 2154, 2145, 
    2118, 2091, 2059, 2025, 2007, 2006, 2033, 2084, 2145, 2216, 2282, 2321, 
    2376, 2384, 2380, 2356, 2312, 2276, 2255, 2245, 2234, 2240, 2271, 2301, 
    2323, 2358, 2368, 2353, 2311, 2257, 2197, 2126, 2050, 1992, 1954, 1933, 
    1924, 1922, 1947, 1960, 1954, 1953, 1949, 1915, 1881, 1844, 1804, 1773, 
    1759, 1765, 1772, 1811, 1848, 1896, 1924, 1947, 1958, 1955, 1943, 1937, 
    1924, 1923, 1929, 1928, 1956, 1991, 2026, 2060, 2091, 2114, 2122, 2105, 
    2082, 2052, 2024, 1994, 1966, 1958, 1965, 1970, 1977, 1994, 1994, 1988, 
    1988, 1974, 1959, 1923, 1897, 1880, 1867, 1882, 1903, 1941, 1981, 2027, 
    2065, 2087, 2109, 2107, 2100, 2087, 2082, 2083, 2085, 2105, 2120, 2164, 
    2216, 2263, 2303, 2334, 2347, 2356, 2341, 2309, 2284, 2253, 2234, 2229, 
    2239, 2254, 2267, 2288, 2302, 2310, 2303, 2273, 2238, 2179, 2115, 2055, 
    2012, 1977, 1958, 1963, 1983, 2011, 2039, 2063, 2066, 2070, 2050, 2017, 
    1976, 1937, 1894, 1870, 1865, 1872, 1893, 1929, 1973, 2017, 2052, 2061, 
    2058, 2044, 2008, 1968, 1942, 1907, 1883, 1885, 1895, 1930, 1970, 2009, 
    2036, 2058, 2056, 2036, 2010, 1951, 1901, 1855, 1820, 1800, 1792, 1799, 
    1828, 1857, 1892, 1925, 1947, 1948, 1933, 1917, 1894, 1865, 1847, 1841, 
    1846, 1882, 1921, 1968, 2024, 2061, 2095, 2129, 2145, 2146, 2132, 2118, 
    2104, 2098, 2099, 2118, 2137, 2170, 2206, 2238, 2267, 2276, 2281, 2275, 
    2262, 2242, 2220, 2205, 2188, 2185, 2185, 2192, 2199, 2207, 2218, 2221, 
    2215, 2201, 2183, 2154, 2135, 2120, 2104, 2100, 2094, 2095, 2102, 2114, 
    2116, 2113, 2108, 2098, 2084, 2067, 2053, 2036, 2023, 2021, 2027, 2035, 
    2041, 2047, 2056, 2062, 2056, 2048, 2041, 2029, 2020, 2010, 2008, 2006, 
    2004, 2014, 2022, 2025, 2028, 2028, 2014, 1999, 1984, 1966, 1953, 1933, 
    1923, 1919, 1919, 1922, 1923, 1930, 1936, 1939, 1935, 1930, 1921, 1908, 
    1898, 1893, 1895, 1892, 1898, 1911, 1922, 1936, 1950, 1962, 1968, 1977, 
    1978, 1982, 1990, 1984, 1990, 2004, 2015, 2027, 2043, 2059, 2075, 2088, 
    2101, 2103, 2108, 2109, 2113, 2111, 2114, 2109, 2104, 2106, 2108, 2105, 
    2108, 2114, 2108, 2111, 2112, 2108, 2107, 2104, 2098, 2096, 2098, 2053, 
    2089, 2087, 2060, 2094, 2074, 2118, 2068, 2120, 2096, 2086, 2080, 2087, 
    2085, 2102, 2096, 2068, 2119, 2102, 2119, 2113, 2104, 2119, 2144, 2117, 
    2128, 2119, 2119, 2113, 2114, 2110, 2100, 2085, 2086, 2079, 2069, 2064, 
    2051, 2037, 2049, 2033, 2029, 2017, 2023, 2025, 2023, 2013, 2010, 1998, 
    1999, 1988, 1979, 1985, 1995, 1999, 2006, 2004, 1995, 2010, 2004, 2017, 
    2019, 2025, 2010, 2011, 2011, 2021, 2031, 2027, 2023, 2033, 2016, 2031, 
    2054, 2031, 2025, 2034, 2018, 2033, 2023, 2034, 2019, 2015, 2021, 2014, 
    2022, 2007, 2006, 2017, 2007, 2007, 2009, 2004, 1999, 1988, 1984, 1989, 
    1982, 1978, 1974, 1973, 1973, 1967, 1961, 1964, 1962, 1959, 1962, 1959, 
    1947, 1955, 1965, 1955, 1958, 1959, 1966, 1968, 1964, 1959, 1965, 1962, 
    1971, 1986, 1983, 1983, 1994, 2001, 2005, 2017, 2021, 2034, 2046, 2056, 
    2062, 2071, 2080, 2087, 2102, 2114, 2120, 2133, 2139, 2151, 2156, 2163, 
    2170, 2162, 2165, 2171, 2164, 2165, 2163, 2152, 2157, 2157, 2145, 2140, 
    2138, 2130, 2124, 2120, 2112, 2107, 2096, 2096, 2086, 2071, 2066, 2062, 
    2059, 2047, 2045, 2045, 2043, 2037, 2048, 2038, 2020, 2025, 2031, 2029, 
    2019, 2026, 2018, 2026, 2026, 2012, 2018, 2010, 2002, 2008, 1998, 1979, 
    1976, 1961, 1946, 1947, 1944, 1936, 1943, 1949, 1953, 1964, 1961, 1975, 
    1975, 1972, 1980, 1976, 1972, 1975, 1984, 1989, 2005, 2021, 2035, 2045, 
    2062, 2071, 2082, 2096, 2089, 2096, 2099, 2100, 2111, 2109, 2116, 2136, 
    2143, 2150, 2166, 2171, 2174, 2174, 2173, 2171, 2164, 2158, 2144, 2147, 
    2147, 2141, 2138, 2139, 2151, 2152, 2148, 2140, 2133, 2130, 2117, 2104, 
    2094, 2086, 2077, 2074, 2077, 2070, 2073, 2071, 2070, 2076, 2071, 2064, 
    2056, 2051, 2037, 2039, 2035, 2030, 2027, 2027, 2033, 2028, 2034, 2033, 
    2024, 2019, 2013, 2007, 2002, 1995, 1982, 1978, 1977, 1977, 1978, 1972, 
    1973, 1970, 1970, 1969, 1969, 1958, 1959, 1962, 1959, 1961, 1961, 1966, 
    1969, 1972, 1978, 1982, 1980, 1981, 1977, 1977, 1978, 1981, 1981, 1982, 
    1985, 1989, 2002, 2003, 2002, 2011, 2017, 2017, 2018, 2015, 2015, 2010, 
    2011, 2013, 2015, 2018, 2017, 2025, 2024, 2020, 2016, 2017, 2011, 2009, 
    2007, 2006, 2009, 2007, 2013, 2017, 2025, 2024, 2030, 2038, 2040, 2039, 
    2040, 2042, 2045, 2044, 2048, 2055, 2060, 2064, 2071, 2084, 2089, 2097, 
    2100, 2103, 2104, 2108, 2111, 2115, 2123, 2125, 2131, 2141, 2142, 2143, 
    2145, 2143, 2141, 2138, 2139, 2130, 2125, 2124, 2122, 2116, 2111, 2108, 
    2106, 2106, 2104, 2097, 2096, 2092, 2088, 2087, 2085, 2078, 2080, 2079, 
    2079, 2073, 2067, 2072, 2071, 2070, 2071, 2065, 2062, 2056, 2050, 2046, 
    2044, 2038, 2036, 2035, 2031, 2030, 2027, 2025, 2021, 2019, 2016, 2011, 
    2006, 1999, 1997, 1995, 1991, 1984, 1981, 1982, 1981, 1978, 1979, 1974, 
    1972, 1974, 1974, 1976, 1978, 1974, 1974, 1979, 1981, 1985, 1990, 1994, 
    2002, 2007, 2011, 2017, 2022, 2021, 2025, 2032, 2037, 2042, 2048, 2051, 
    2060, 2064, 2071, 2078, 2083, 2088, 2091, 2095, 2099, 2099, 2104, 2106, 
    2108, 2111, 2114, 2116, 2116, 2115, 2115, 2118, 2118, 2116, 2118, 2119, 
    2121, 2123, 2123, 2120, 2122, 2125, 2124, 2125, 2125, 2127, 2124, 2127, 
    2126, 2123, 2121, 2120, 2114, 2111, 2108, 2101, 2098, 2092, 2088, 2085, 
    2081, 2077, 2071, 2066, 2059, 2053, 2046, 2036, 2030, 2022, 2013, 2008, 
    2000, 1992, 1986, 1978, 1971, 1960, 1954, 1950, 1943, 1939, 1932, 1927, 
    1923, 1920, 1918, 1916, 1912, 1910, 1911, 1912, 1914, 1914, 1915, 1920, 
    1924, 1926, 1930, 1935, 1940, 1944, 1950, 1954, 1960, 1966, 1969, 1974, 
    1982, 1988, 1994, 2001, 2010, 2022, 2029, 2036, 2045, 2052, 2059, 2061, 
    2066, 2074, 2078, 2084, 2089, 2098, 2103, 2111, 2115, 2120, 2126, 2131, 
    2131, 2134, 2136, 2136, 2138, 2140, 2144, 2148, 2153, 2161, 2167, 2169, 
    2173, 2174, 2174, 2171, 2166, 2162, 2156, 2150, 2145, 2142, 2138, 2135, 
    2134, 2133, 2129, 2124, 2120, 2111, 2101, 2091, 2082, 2074, 2068, 2061, 
    2054, 2049, 2043, 2042, 2037, 2032, 2028, 2023, 2014, 2007, 1996, 1990, 
    1982, 1974, 1970, 1967, 1968, 1968, 1967, 1972, 1974, 1973, 1973, 1973, 
    1971, 1968, 1965, 1965, 1963, 1963, 1964, 1969, 1972, 1975, 1977, 1980, 
    1978, 1977, 1977, 1975, 1971, 1969, 1970, 1974, 1976, 1980, 1987, 1994, 
    2000, 2006, 2009, 2012, 2015, 2017, 2018, 2024, 2027, 2029, 2036, 2047, 
    2054, 2064, 2071, 2076, 2081, 2085, 2090, 2093, 2096, 2100, 2104, 2109, 
    2115, 2122, 2129, 2135, 2140, 2144, 2148, 2148, 2147, 2144, 2142, 2139, 
    2135, 2131, 2130, 2128, 2128, 2130, 2126, 2123, 2121, 2119, 2114, 2106, 
    2099, 2094, 2087, 2084, 2083, 2080, 2080, 2077, 2075, 2076, 2073, 2070, 
    2064, 2057, 2054, 2047, 2042, 2036, 2033, 2032, 2031, 2030, 2030, 2029, 
    2028, 2025, 2023, 2019, 2016, 2010, 2005, 2002, 2000, 1997, 1996, 1991, 
    1991, 1992, 1989, 1988, 1983, 1979, 1975, 1970, 1966, 1963, 1962, 1963, 
    1963, 1964, 1967, 1969, 1970, 1974, 1976, 1976, 1975, 1979, 1982, 1983, 
    1988, 1992, 1999, 2005, 2011, 2019, 2024, 2030, 2034, 2038, 2044, 2048, 
    2055, 2057, 2061, 2069, 2074, 2082, 2088, 2094, 2099, 2104, 2106, 2107, 
    2109, 2106, 2106, 2107, 2106, 2108, 2109, 2111, 2115, 2115, 2115, 2115, 
    2114, 2111, 2110, 2107, 2103, 2101, 2100, 2098, 2099, 2100, 2099, 2099, 
    2100, 2101, 2099, 2097, 2094, 2089, 2086, 2082, 2079, 2076, 2076, 2075, 
    2075, 2076, 2075, 2076, 2073, 2070, 2066, 2062, 2056, 2049, 2044, 2037, 
    2034, 2031, 2029, 2026, 2025, 2025, 2022, 2019, 2015, 2010, 2004, 2001, 
    1996, 1991, 1988, 1988, 1989, 1987, 1987, 1989, 1990, 1992, 1991, 1990, 
    1987, 1983, 1981, 1979, 1978, 1976, 1976, 1978, 1982, 1985, 1990, 1994, 
    1997, 1997, 2000, 2000, 1999, 2000, 1999, 1997, 1998, 2000, 2003, 2006, 
    2007, 2012, 2014, 2015, 2017, 2017, 2017, 2018, 2019, 2020, 2020, 2025, 
    2030, 2036, 2043, 2051, 2055, 2061, 2067, 2070, 2074, 2075, 2075, 2077, 
    2078, 2081, 2085, 2087, 2091, 2096, 2102, 2105, 2109, 2110, 2111, 2115, 
    2117, 2117, 2117, 2119, 2122, 2125, 2128, 2133, 2136, 2138, 2139, 2140, 
    2139, 2135, 2132, 2127, 2123, 2121, 2118, 2117, 2116, 2116, 2117, 2117, 
    2117, 2116, 2113, 2113, 2110, 2106, 2102, 2097, 2095, 2094, 2091, 2089, 
    2087, 2085, 2083, 2076, 2071, 2065, 2058, 2051, 2044, 2036, 2031, 2023, 
    2018, 2013, 2011, 2008, 2004, 2002, 1997, 1992, 1987, 1980, 1976, 1970, 
    1964, 1959, 1954, 1953, 1950, 1946, 1946, 1946, 1945, 1943, 1940, 1941, 
    1941, 1941, 1941, 1943, 1945, 1949, 1950, 1955, 1958, 1962, 1965, 1967, 
    1968, 1971, 1972, 1973, 1975, 1978, 1981, 1985, 1990, 1994, 2000, 2005, 
    2011, 2018, 2023, 2028, 2033, 2037, 2044, 2052, 2057, 2066, 2075, 2082, 
    2093, 2101, 2109, 2115, 2122, 2127, 2131, 2136, 2141, 2147, 2153, 2158, 
    2164, 2171, 2176, 2181, 2184, 2188, 2189, 2189, 2186, 2183, 2182, 2177, 
    2174, 2171, 2168, 2165, 2163, 2158, 2152, 2147, 2141, 2134, 2128, 2122, 
    2112, 2106, 2099, 2094, 2089, 2085, 2081, 2076, 2072, 2067, 2060, 2051, 
    2043, 2033, 2025, 2020, 2010, 2004, 2000, 1997, 1995, 1993, 1991, 1989, 
    1985, 1985, 1983, 1977, 1973, 1971, 1968, 1967, 1967, 1967, 1965, 1967, 
    1967, 1965, 1963, 1960, 1955, 1950, 1948, 1944, 1941, 1937, 1937, 1937, 
    1941, 1944, 1946, 1947, 1950, 1952, 1954, 1954, 1953, 1954, 1954, 1956, 
    1959, 1963, 1967, 1973, 1979, 1987, 1993, 1999, 2004, 2011, 2016, 2022, 
    2027, 2032, 2040, 2048, 2055, 2065, 2075, 2082, 2090, 2097, 2101, 2105, 
    2107, 2107, 2107, 2109, 2109, 2109, 2109, 2111, 2113, 2117, 2119, 2121, 
    2122, 2123, 2124, 2123, 2121, 2121, 2120, 2120, 2123, 2126, 2127, 2129, 
    2132, 2135, 2137, 2138, 2137, 2136, 2134, 2134, 2132, 2130, 2128, 2128, 
    2128, 2130, 2132, 2131, 2130, 2128, 2125, 2121, 2116, 2110, 2101, 2095, 
    2089, 2081, 2073, 2067, 2060, 2054, 2049, 2044, 2035, 2028, 2020, 2012, 
    2006, 1999, 1990, 1985, 1981, 1978, 1975, 1973, 1973, 1970, 1971, 1969, 
    1963, 1960, 1962, 1960, 1962, 1964, 1962, 1968, 1970, 1968, 1969, 1985, 
    1986, 1986, 1989, 1991, 1995, 1993, 1982, 1982, 1986, 1987, 1982, 1982, 
    1981, 1973, 1973, 1982, 1967, 1957, 1957, 1973, 1973, 1971, 1968, 1985, 
    2013, 2011, 2004, 1999, 2023, 2018, 2013, 2013, 2022, 2031, 2013, 2022, 
    2042, 2059, 2059, 2037, 2046, 2062, 2065, 2066, 2053, 2059, 2066, 2068, 
    2066, 2073, 2083, 2082, 2084, 2092, 2109, 2094, 2082, 2088, 2076, 2083, 
    2071, 2060, 2056, 2056, 2055, 2049, 2052, 2057, 2056, 2056, 2055, 2044, 
    2035, 2021, 2031, 2025, 2027, 2022, 2023, 2028, 2019, 2027, 2025, 2026, 
    2029, 2039, 2040, 2038, 2030, 2016, 2019, 2015, 2015, 2026, 2026, 2023, 
    2036, 2045, 2050, 2043, 2028, 2019, 2018, 2017, 2011, 2004, 1997, 1998, 
    1994, 2007, 2022, 2036, 2042, 2047, 2051, 2050, 2072, 2089, 2104, 2117, 
    2136, 2159, 2186, 2206, 2220, 2244, 2266, 2284, 2288, 2286, 2303, 2305, 
    2302, 2289, 2303, 2317, 2319, 2338, 2334, 2321, 2305, 2304, 2308, 2277, 
    2282, 2275, 2252, 2234, 2244, 2224, 2203, 2202, 2172, 2157, 2146, 2127, 
    2091, 2083, 2034, 2029, 2000, 1960, 1980, 1954, 1923, 1887, 1917, 1878, 
    1857, 1822, 1800, 1793, 1770, 1744, 1721, 1733, 1689, 1662, 1643, 1604, 
    1581, 1560, 1599, 1583, 1478, 1571, 1583, 1494, 1553, 1543, 1540, 1535, 
    1577, 1584, 1596, 1610, 1622, 1655, 1680, 1712, 1736, 1750, 1797, 1799, 
    1826, 1870, 1897, 1929, 1962, 2008, 2042, 2059, 2111, 2131, 2174, 2207, 
    2241, 2277, 2313, 2347, 2373, 2414, 2432, 2459, 2475, 2505, 2529, 2544, 
    2547, 2564, 2586, 2594, 2603, 2605, 2623, 2619, 2621, 2621, 2632, 2628, 
    2620, 2620, 2611, 2599, 2573, 2558, 2545, 2508, 2490, 2477, 2457, 2446, 
    2423, 2409, 2401, 2383, 2378, 2358, 2350, 2333, 2308, 2288, 2274, 2261, 
    2235, 2219, 2200, 2182, 2156, 2132, 2100, 2074, 2041, 2011, 1970, 1929, 
    1891, 1849, 1808, 1761, 1731, 1687, 1642, 1607, 1583, 1546, 1499, 1473, 
    1449, 1425, 1402, 1370, 1359, 1338, 1323, 1318, 1307, 1301, 1297, 1303, 
    1297, 1310, 1316, 1324, 1331, 1355, 1376, 1397, 1426, 1453, 1476, 1513, 
    1543, 1568, 1604, 1644, 1679, 1712, 1747, 1789, 1821, 1862, 1910, 1947, 
    1994, 2041, 2091, 2128, 2168, 2211, 2261, 2293, 2334, 2380, 2408, 2446, 
    2478, 2509, 2540, 2583, 2593, 2615, 2641, 2662, 2676, 2683, 2696, 2707, 
    2716, 2724, 2720, 2723, 2726, 2717, 2708, 2710, 2704, 2698, 2683, 2673, 
    2663, 2649, 2632, 2605, 2587, 2563, 2527, 2506, 2472, 2444, 2418, 2383, 
    2350, 2332, 2292, 2264, 2235, 2204, 2183, 2146, 2111, 2094, 2056, 2020, 
    1988, 1956, 1926, 1898, 1861, 1837, 1810, 1778, 1749, 1716, 1689, 1664, 
    1630, 1596, 1578, 1547, 1525, 1508, 1486, 1468, 1460, 1451, 1447, 1438, 
    1433, 1429, 1421, 1422, 1426, 1423, 1419, 1438, 1445, 1449, 1463, 1488, 
    1508, 1524, 1541, 1571, 1601, 1621, 1640, 1664, 1694, 1725, 1754, 1780, 
    1819, 1849, 1880, 1916, 1949, 1979, 2008, 2040, 2071, 2093, 2120, 2145, 
    2167, 2187, 2211, 2235, 2260, 2282, 2302, 2328, 2348, 2371, 2388, 2411, 
    2429, 2441, 2461, 2478, 2489, 2503, 2521, 2538, 2552, 2563, 2573, 2584, 
    2591, 2597, 2600, 2602, 2606, 2606, 2602, 2600, 2600, 2594, 2587, 2577, 
    2569, 2555, 2539, 2524, 2503, 2479, 2461, 2437, 2409, 2383, 2355, 2329, 
    2298, 2265, 2234, 2200, 2165, 2131, 2092, 2054, 2018, 1978, 1942, 1905, 
    1869, 1836, 1802, 1770, 1741, 1711, 1682, 1656, 1628, 1606, 1583, 1560, 
    1543, 1527, 1512, 1496, 1488, 1479, 1471, 1462, 1459, 1452, 1448, 1446, 
    1445, 1447, 1447, 1450, 1452, 1460, 1468, 1475, 1489, 1501, 1510, 1524, 
    1541, 1556, 1575, 1595, 1618, 1646, 1675, 1702, 1734, 1767, 1804, 1840, 
    1876, 1913, 1951, 1986, 2023, 2060, 2097, 2137, 2175, 2213, 2253, 2291, 
    2330, 2364, 2397, 2433, 2463, 2490, 2518, 2542, 2563, 2584, 2603, 2620, 
    2638, 2653, 2664, 2678, 2686, 2692, 2694, 2694, 2695, 2689, 2681, 2674, 
    2663, 2655, 2646, 2633, 2622, 2612, 2600, 2584, 2569, 2551, 2533, 2512, 
    2487, 2465, 2439, 2413, 2388, 2357, 2328, 2300, 2270, 2238, 2204, 2168, 
    2129, 2091, 2053, 2012, 1969, 1932, 1892, 1855, 1820, 1783, 1751, 1720, 
    1688, 1656, 1629, 1600, 1573, 1549, 1523, 1503, 1485, 1469, 1458, 1447, 
    1441, 1435, 1431, 1430, 1429, 1432, 1434, 1438, 1444, 1450, 1457, 1471, 
    1483, 1497, 1513, 1532, 1553, 1572, 1594, 1613, 1633, 1658, 1678, 1700, 
    1724, 1749, 1774, 1800, 1829, 1858, 1888, 1918, 1947, 1977, 2007, 2035, 
    2064, 2092, 2122, 2153, 2183, 2212, 2242, 2273, 2304, 2333, 2363, 2391, 
    2418, 2447, 2470, 2495, 2517, 2538, 2559, 2583, 2602, 2621, 2638, 2653, 
    2666, 2676, 2687, 2691, 2696, 2695, 2693, 2690, 2683, 2677, 2666, 2654, 
    2639, 2623, 2603, 2580, 2553, 2526, 2495, 2465, 2431, 2398, 2365, 2333, 
    2296, 2260, 2226, 2192, 2155, 2119, 2084, 2048, 2011, 1978, 1946, 1915, 
    1888, 1860, 1833, 1812, 1789, 1768, 1747, 1728, 1712, 1694, 1675, 1661, 
    1648, 1632, 1621, 1614, 1605, 1595, 1590, 1582, 1577, 1569, 1561, 1554, 
    1544, 1537, 1531, 1524, 1519, 1516, 1513, 1514, 1517, 1520, 1522, 1528, 
    1534, 1540, 1547, 1555, 1567, 1579, 1595, 1614, 1636, 1659, 1683, 1713, 
    1744, 1775, 1807, 1841, 1875, 1910, 1946, 1984, 2021, 2061, 2099, 2140, 
    2180, 2220, 2254, 2290, 2322, 2351, 2381, 2406, 2426, 2445, 2465, 2482, 
    2496, 2510, 2523, 2535, 2543, 2553, 2557, 2561, 2561, 2559, 2560, 2557, 
    2554, 2548, 2544, 2540, 2535, 2530, 2525, 2521, 2509, 2506, 2496, 2484, 
    2475, 2461, 2452, 2439, 2428, 2421, 2408, 2397, 2387, 2374, 2362, 2347, 
    2326, 2308, 2286, 2261, 2236, 2208, 2179, 2152, 2121, 2093, 2062, 2027, 
    1991, 1958, 1922, 1887, 1847, 1810, 1773, 1738, 1704, 1671, 1640, 1610, 
    1584, 1558, 1534, 1511, 1487, 1466, 1449, 1434, 1420, 1407, 1398, 1394, 
    1392, 1392, 1397, 1404, 1413, 1424, 1436, 1454, 1469, 1485, 1505, 1528, 
    1552, 1579, 1601, 1631, 1661, 1691, 1722, 1753, 1784, 1814, 1845, 1874, 
    1902, 1929, 1955, 1984, 2012, 2041, 2069, 2096, 2123, 2152, 2179, 2203, 
    2226, 2250, 2273, 2294, 2317, 2340, 2359, 2382, 2406, 2429, 2453, 2473, 
    2495, 2515, 2536, 2555, 2573, 2592, 2607, 2623, 2639, 2652, 2664, 2677, 
    2686, 2694, 2704, 2704, 2705, 2701, 2694, 2686, 2674, 2657, 2644, 2623, 
    2601, 2579, 2553, 2527, 2495, 2465, 2431, 2395, 2359, 2318, 2276, 2235, 
    2194, 2154, 2112, 2072, 2031, 1993, 1955, 1918, 1880, 1844, 1811, 1777, 
    1746, 1716, 1689, 1664, 1640, 1618, 1601, 1585, 1569, 1556, 1543, 1531, 
    1522, 1511, 1500, 1493, 1487, 1480, 1476, 1473, 1471, 1470, 1471, 1472, 
    1475, 1478, 1480, 1485, 1492, 1497, 1506, 1516, 1528, 1543, 1558, 1575, 
    1594, 1613, 1635, 1657, 1680, 1705, 1730, 1756, 1785, 1815, 1848, 1882, 
    1917, 1955, 1994, 2035, 2077, 2115, 2155, 2195, 2234, 2271, 2309, 2346, 
    2379, 2415, 2448, 2481, 2512, 2541, 2566, 2590, 2611, 2628, 2644, 2657, 
    2667, 2675, 2684, 2688, 2691, 2693, 2694, 2692, 2687, 2683, 2674, 2662, 
    2648, 2633, 2616, 2597, 2577, 2557, 2536, 2515, 2491, 2468, 2444, 2420, 
    2394, 2366, 2340, 2311, 2280, 2250, 2220, 2191, 2162, 2135, 2105, 2077, 
    2049, 2018, 1988, 1958, 1927, 1895, 1864, 1832, 1799, 1769, 1739, 1710, 
    1683, 1657, 1633, 1610, 1589, 1566, 1545, 1526, 1506, 1489, 1473, 1459, 
    1447, 1438, 1433, 1427, 1425, 1426, 1428, 1431, 1437, 1444, 1450, 1460, 
    1471, 1484, 1500, 1518, 1536, 1560, 1583, 1608, 1635, 1662, 1690, 1718, 
    1746, 1775, 1803, 1831, 1861, 1890, 1921, 1951, 1984, 2017, 2048, 2080, 
    2110, 2140, 2170, 2200, 2227, 2255, 2282, 2309, 2339, 2365, 2393, 2420, 
    2446, 2472, 2495, 2517, 2537, 2556, 2575, 2591, 2607, 2621, 2636, 2648, 
    2660, 2671, 2680, 2688, 2693, 2697, 2699, 2697, 2692, 2686, 2678, 2670, 
    2659, 2646, 2630, 2613, 2595, 2574, 2550, 2527, 2499, 2470, 2439, 2407, 
    2377, 2343, 2311, 2277, 2243, 2211, 2177, 2142, 2108, 2075, 2046, 2015, 
    1977, 1942, 1910, 1879, 1852, 1823, 1794, 1771, 1750, 1727, 1705, 1686, 
    1672, 1655, 1640, 1629, 1615, 1605, 1600, 1594, 1591, 1589, 1588, 1592, 
    1594, 1596, 1596, 1597, 1597, 1601, 1603, 1603, 1608, 1611, 1617, 1624, 
    1630, 1641, 1644, 1654, 1647, 1650, 1680, 1691, 1699, 1708, 1725, 1737, 
    1756, 1777, 1798, 1818, 1844, 1862, 1883, 1903, 1930, 1950, 1969, 1989, 
    2006, 2020, 2032, 2045, 2062, 2076, 2089, 2095, 2105, 2109, 2104, 2100, 
    2099, 2090, 2078, 2074, 2060, 2056, 2050, 2042, 2035, 2024, 2014, 2032, 
    2021, 2022, 2026, 2033, 2041, 2049, 2043, 2072, 2090, 2099, 2137, 2145, 
    2178, 2190, 2224, 2237, 2250, 2261, 2270, 2296, 2312, 2325, 2341, 2344, 
    2350, 2342, 2352, 2339, 2326, 2325, 2303, 2242, 2255, 2207, 2175, 2189, 
    2156, 2142, 2128, 2108, 2087, 2082, 2044, 2051, 2010, 1997, 1942, 2015, 
    1779, 1757, 1404, 1649, 2092, 1742, 1827, 2130, 2126, 1891, 1858, 2301, 
    2189, 2298, 2332, 2249, 2582, 2526, 2631, 2746, 2598, 2672, 2609, 2369, 
    2476, 2425, 2220, 2330, 2100, 2035, 2073, 1926, 1760, 1727, 1551, 1429, 
    1731, 1744, 1881, 1836, 1998, 2062, 2096, 2125, 2233, 2121, 1901, 1873, 
    1724, 1792, 1951, 1918, 1810, 1896, 1992, 1916, 1776, 1788, 1793, 1783, 
    1708, 1624, 1666, 1556, 1492, 1424, 1589, 1749, 1761, 1715, 1710, 1806, 
    1730, 1692, 1548, 1665, 1651, 1561, 1559, 1535, 1608, 1638, 1641, 1782, 
    1928, 1966, 1906, 1885, 2015, 2037, 2032, 1968, 2059, 2204, 2218, 2240, 
    2322, 2385, 2407, 2423, 2447, 2543, 2558, 2513, 2474, 2560, 2625, 2633, 
    2604, 2697, 2828, 2839, 2873, 2867, 2891, 2849, 2820, 2774, 2786, 2783, 
    2700, 2696, 2722, 2697, 2647, 2587, 2562, 2543, 2472, 2356, 2264, 2178, 
    2101, 2040, 2010, 2062, 2035, 1980, 1980, 2034, 1998, 1928, 1838, 1747, 
    1698, 1677, 1444, 1574, 1467, 1482, 1405, 1455, 1603, 1477, 1397, 1428, 
    1405, 1280, 1359, 1342, 1292, 1130, 1233, 1201, 1139, 1094, 1104, 1026, 
    1125, 1299, 1243, 1197, 1244, 1437, 1398, 1396, 1502, 1525, 1552, 1604, 
    1770, 1832, 1971, 1978, 2087, 2249, 2366, 2460, 2357, 2434, 2558, 2636, 
    2648, 2658, 2664, 2643, 2729, 2822, 2847, 2839, 2856, 2848, 2909, 2895, 
    2879, 2815, 2754, 2849, 2884, 2816, 2762, 2798, 2726, 2720, 2733, 2736, 
    2672, 2683, 2638, 2567, 2517, 2460, 2350, 2246, 2297, 2246, 2186, 2111, 
    2104, 2064, 2029, 1998, 1977, 1946, 1873, 1794, 1726, 1656, 1574, 1499, 
    1448, 1439, 1411, 1356, 1302, 1269, 1271, 1230, 1216, 1205, 1164, 1163, 
    1092, 1060, 1075, 1083, 1120, 1175, 1263, 1303, 1358, 1440, 1482, 1512, 
    1533, 1556, 1599, 1604, 1643, 1670, 1705, 1755, 1861, 1954, 2015, 2108, 
    2194, 2239, 2296, 2317, 2366, 2427, 2439, 2461, 2481, 2518, 2560, 2626, 
    2650, 2753, 2797, 2831, 2845, 2862, 2873, 2853, 2842, 2867, 2854, 2877, 
    2878, 2855, 2879, 2884, 2886, 2864, 2888, 2846, 2802, 2733, 2693, 2598, 
    2527, 2470, 2423, 2398, 2340, 2282, 2226, 2197, 2150, 2087, 1996, 1937, 
    1887, 1804, 1723, 1636, 1571, 1529, 1483, 1491, 1476, 1455, 1402, 1344, 
    1314, 1278, 1251, 1197, 1184, 1174, 1145, 1148, 1147, 1149, 1162, 1230, 
    1277, 1318, 1324, 1339, 1341, 1349, 1449, 1439, 1475, 1513, 1573, 1647, 
    1676, 1765, 1833, 1863, 1952, 2026, 2037, 2049, 2083, 2095, 2141, 2195, 
    2276, 2292, 2327, 2418, 2445, 2515, 2563, 2583, 2592, 2642, 2671, 2666, 
    2643, 2632, 2644, 2651, 2689, 2687, 2706, 2711, 2716, 2723, 2730, 2723, 
    2696, 2689, 2670, 2653, 2639, 2587, 2571, 2544, 2527, 2539, 2507, 2475, 
    2436, 2375, 2330, 2297, 2251, 2184, 2131, 2092, 2031, 1964, 1920, 1856, 
    1803, 1777, 1747, 1721, 1678, 1649, 1582, 1565, 1558, 1512, 1483, 1449, 
    1430, 1399, 1384, 1349, 1361, 1364, 1359, 1393, 1404, 1419, 1416, 1421, 
    1458, 1485, 1522, 1548, 1568, 1577, 1614, 1643, 1666, 1705, 1747, 1787, 
    1827, 1868, 1910, 1935, 1962, 1994, 2033, 2064, 2106, 2113, 2107, 2149, 
    2197, 2206, 2271, 2322, 2358, 2402, 2442, 2477, 2509, 2542, 2578, 2616, 
    2661, 2656, 2655, 2668, 2685, 2721, 2735, 2745, 2765, 2763, 2758, 2740, 
    2713, 2691, 2669, 2658, 2641, 2584, 2547, 2505, 2460, 2429, 2387, 2358, 
    2316, 2262, 2211, 2161, 2102, 2051, 1981, 1943, 1903, 1859, 1837, 1790, 
    1770, 1745, 1739, 1716, 1709, 1714, 1692, 1676, 1658, 1625, 1612, 1604, 
    1593, 1604, 1600, 1589, 1586, 1571, 1568, 1551, 1544, 1551, 1541, 1545, 
    1529, 1509, 1518, 1513, 1522, 1547, 1572, 1581, 1607, 1615, 1636, 1658, 
    1683, 1719, 1745, 1793, 1802, 1840, 1862, 1897, 1959, 2003, 2057, 2113, 
    2139, 2169, 2208, 2258, 2315, 2348, 2401, 2455, 2487, 2522, 2561, 2593, 
    2628, 2669, 2700, 2719, 2728, 2734, 2720, 2710, 2704, 2706, 2701, 2683, 
    2661, 2660, 2633, 2633, 2607, 2587, 2578, 2547, 2504, 2459, 2412, 2369, 
    2323, 2304, 2262, 2238, 2221, 2163, 2141, 2106, 2056, 2023, 1979, 1943, 
    1912, 1866, 1831, 1797, 1754, 1740, 1722, 1708, 1710, 1695, 1673, 1633, 
    1602, 1589, 1548, 1516, 1506, 1469, 1450, 1409, 1395, 1383, 1379, 1389, 
    1385, 1402, 1397, 1380, 1369, 1370, 1388, 1395, 1411, 1449, 1468, 1503, 
    1537, 1551, 1614, 1662, 1696, 1765, 1795, 1830, 1862, 1889, 1944, 1997, 
    2053, 2105, 2158, 2205, 2262, 2302, 2341, 2398, 2432, 2478, 2498, 2534, 
    2543, 2553, 2573, 2600, 2629, 2648, 2663, 2666, 2676, 2687, 2684, 2685, 
    2695, 2688, 2700, 2692, 2681, 2680, 2671, 2661, 2653, 2657, 2646, 2630, 
    2600, 2584, 2554, 2528, 2493, 2465, 2438, 2404, 2369, 2327, 2284, 2247, 
    2215, 2166, 2154, 2110, 2068, 2023, 1976, 1930, 1882, 1854, 1805, 1758, 
    1728, 1672, 1622, 1583, 1543, 1511, 1474, 1472, 1454, 1407, 1394, 1367, 
    1341, 1340, 1329, 1331, 1336, 1319, 1336, 1341, 1348, 1370, 1384, 1418, 
    1441, 1450, 1468, 1474, 1490, 1510, 1528, 1584, 1599, 1631, 1659, 1699, 
    1741, 1789, 1826, 1879, 1929, 1979, 2002, 2031, 2069, 2096, 2143, 2181, 
    2222, 2272, 2288, 2332, 2370, 2401, 2447, 2470, 2502, 2539, 2552, 2576, 
    2596, 2613, 2647, 2674, 2699, 2739, 2765, 2770, 2780, 2798, 2818, 2816, 
    2807, 2793, 2777, 2760, 2717, 2691, 2663, 2640, 2624, 2599, 2580, 2563, 
    2520, 2475, 2450, 2412, 2382, 2334, 2302, 2262, 2208, 2184, 2129, 2106, 
    2074, 2048, 2014, 1983, 1948, 1895, 1853, 1814, 1793, 1753, 1729, 1689, 
    1663, 1636, 1599, 1595, 1580, 1588, 1582, 1568, 1558, 1536, 1506, 1485, 
    1455, 1462, 1439, 1422, 1408, 1391, 1382, 1380, 1376, 1381, 1391, 1391, 
    1391, 1382, 1404, 1394, 1398, 1441, 1461, 1503, 1527, 1558, 1603, 1638, 
    1683, 1735, 1785, 1834, 1863, 1903, 1940, 1973, 2023, 2057, 2110, 2173, 
    2218, 2257, 2317, 2347, 2399, 2432, 2474, 2508, 2540, 2558, 2575, 2594, 
    2620, 2632, 2650, 2677, 2688, 2714, 2705, 2708, 2713, 2707, 2707, 2695, 
    2694, 2689, 2666, 2652, 2643, 2631, 2630, 2613, 2609, 2610, 2593, 2568, 
    2534, 2518, 2490, 2458, 2441, 2416, 2384, 2343, 2295, 2274, 2248, 2208, 
    2191, 2156, 2124, 2085, 2033, 1981, 1950, 1910, 1875, 1831, 1804, 1750, 
    1701, 1671, 1628, 1600, 1584, 1547, 1521, 1491, 1462, 1435, 1403, 1399, 
    1384, 1374, 1372, 1361, 1353, 1349, 1348, 1362, 1369, 1381, 1390, 1398, 
    1417, 1425, 1435, 1451, 1474, 1504, 1533, 1559, 1596, 1619, 1655, 1693, 
    1723, 1777, 1812, 1844, 1882, 1909, 1952, 1974, 2010, 2049, 2069, 2107, 
    2136, 2157, 2178, 2197, 2222, 2253, 2283, 2306, 2323, 2355, 2370, 2384, 
    2419, 2439, 2468, 2503, 2529, 2553, 2572, 2587, 2614, 2625, 2646, 2672, 
    2670, 2684, 2677, 2686, 2689, 2688, 2698, 2694, 2692, 2688, 2673, 2657, 
    2649, 2622, 2623, 2605, 2588, 2566, 2515, 2493, 2450, 2418, 2383, 2352, 
    2310, 2268, 2215, 2172, 2120, 2074, 2026, 1986, 1949, 1902, 1862, 1816, 
    1780, 1744, 1722, 1694, 1675, 1642, 1619, 1590, 1562, 1552, 1524, 1506, 
    1498, 1478, 1468, 1447, 1428, 1423, 1409, 1407, 1408, 1401, 1408, 1413, 
    1412, 1424, 1431, 1445, 1455, 1476, 1496, 1515, 1534, 1545, 1571, 1595, 
    1624, 1649, 1680, 1706, 1726, 1747, 1783, 1823, 1844, 1889, 1916, 1955, 
    2006, 2024, 2054, 2081, 2132, 2164, 2198, 2237, 2265, 2292, 2312, 2346, 
    2393, 2423, 2443, 2467, 2491, 2519, 2531, 2557, 2572, 2587, 2616, 2639, 
    2643, 2661, 2668, 2667, 2685, 2694, 2702, 2695, 2680, 2679, 2664, 2647, 
    2642, 2618, 2609, 2596, 2572, 2549, 2521, 2490, 2465, 2431, 2416, 2376, 
    2338, 2295, 2264, 2232, 2192, 2160, 2139, 2097, 2071, 2040, 1993, 1965, 
    1926, 1893, 1870, 1843, 1813, 1781, 1753, 1728, 1709, 1697, 1682, 1663, 
    1653, 1651, 1624, 1618, 1597, 1582, 1566, 1559, 1562, 1547, 1545, 1530, 
    1517, 1523, 1516, 1514, 1514, 1502, 1509, 1489, 1490, 1490, 1488, 1500, 
    1516, 1537, 1550, 1563, 1579, 1597, 1625, 1652, 1680, 1702, 1735, 1758, 
    1781, 1813, 1851, 1889, 1925, 1978, 2022, 2054, 2084, 2116, 2163, 2211, 
    2248, 2285, 2322, 2348, 2389, 2413, 2445, 2477, 2509, 2540, 2578, 2595, 
    2615, 2620, 2627, 2640, 2648, 2651, 2648, 2654, 2646, 2650, 2640, 2646, 
    2646, 2632, 2631, 2617, 2604, 2589, 2567, 2545, 2532, 2516, 2491, 2477, 
    2447, 2427, 2402, 2388, 2353, 2331, 2306, 2277, 2253, 2216, 2184, 2147, 
    2122, 2088, 2061, 2034, 2012, 1979, 1945, 1919, 1888, 1854, 1830, 1787, 
    1756, 1723, 1684, 1645, 1616, 1583, 1557, 1537, 1515, 1497, 1468, 1442, 
    1431, 1419, 1406, 1399, 1402, 1392, 1388, 1388, 1388, 1400, 1408, 1432, 
    1445, 1463, 1481, 1492, 1517, 1534, 1565, 1594, 1624, 1646, 1677, 1709, 
    1738, 1779, 1815, 1855, 1898, 1933, 1973, 2004, 2032, 2070, 2100, 2137, 
    2170, 2196, 2221, 2250, 2270, 2304, 2321, 2353, 2379, 2401, 2418, 2443, 
    2464, 2475, 2494, 2513, 2530, 2544, 2559, 2564, 2581, 2586, 2594, 2601, 
    2605, 2603, 2608, 2602, 2597, 2589, 2584, 2569, 2556, 2551, 2540, 2521, 
    2510, 2495, 2474, 2465, 2447, 2433, 2415, 2393, 2362, 2336, 2308, 2281, 
    2244, 2219, 2186, 2163, 2129, 2088, 2058, 2026, 1992, 1969, 1936, 1905, 
    1868, 1840, 1808, 1778, 1756, 1736, 1714, 1695, 1686, 1657, 1644, 1627, 
    1610, 1602, 1591, 1582, 1566, 1554, 1542, 1539, 1536, 1536, 1536, 1545, 
    1544, 1552, 1554, 1559, 1567, 1579, 1585, 1604, 1611, 1615, 1625, 1637, 
    1653, 1660, 1681, 1695, 1710, 1733, 1753, 1763, 1784, 1806, 1822, 1851, 
    1876, 1902, 1929, 1951, 1983, 2017, 2049, 2083, 2113, 2144, 2179, 2208, 
    2233, 2259, 2282, 2313, 2333, 2362, 2385, 2402, 2422, 2440, 2463, 2482, 
    2502, 2519, 2536, 2551, 2557, 2566, 2567, 2575, 2571, 2579, 2582, 2572, 
    2573, 2566, 2558, 2558, 2552, 2539, 2531, 2514, 2499, 2484, 2468, 2448, 
    2436, 2419, 2401, 2389, 2364, 2344, 2327, 2311, 2293, 2276, 2247, 2226, 
    2191, 2164, 2133, 2100, 2076, 2046, 2012, 1988, 1957, 1924, 1905, 1867, 
    1843, 1824, 1793, 1763, 1731, 1702, 1673, 1648, 1623, 1603, 1576, 1560, 
    1539, 1516, 1504, 1486, 1467, 1463, 1450, 1441, 1432, 1428, 1418, 1423, 
    1425, 1430, 1445, 1461, 1476, 1492, 1516, 1536, 1558, 1574, 1596, 1623, 
    1643, 1671, 1692, 1715, 1749, 1775, 1811, 1850, 1885, 1926, 1956, 1988, 
    2029, 2058, 2091, 2129, 2161, 2190, 2224, 2248, 2281, 2311, 2336, 2373, 
    2401, 2426, 2449, 2461, 2482, 2500, 2509, 2525, 2539, 2557, 2566, 2579, 
    2588, 2602, 2613, 2629, 2637, 2649, 2651, 2646, 2645, 2634, 2637, 2625, 
    2617, 2604, 2586, 2572, 2559, 2533, 2518, 2496, 2469, 2452, 2417, 2388, 
    2350, 2311, 2279, 2246, 2211, 2176, 2134, 2103, 2067, 2029, 2001, 1963, 
    1931, 1899, 1864, 1831, 1801, 1764, 1738, 1704, 1685, 1664, 1639, 1625, 
    1605, 1601, 1587, 1579, 1575, 1567, 1562, 1560, 1561, 1550, 1552, 1549, 
    1550, 1555, 1561, 1567, 1570, 1582, 1591, 1599, 1613, 1620, 1638, 1652, 
    1661, 1679, 1686, 1700, 1715, 1728, 1752, 1775, 1789, 1821, 1838, 1855, 
    1883, 1898, 1922, 1941, 1959, 1978, 1997, 2014, 2041, 2058, 2083, 2118, 
    2140, 2164, 2192, 2213, 2238, 2256, 2275, 2295, 2311, 2325, 2337, 2349, 
    2362, 2378, 2388, 2407, 2420, 2432, 2443, 2451, 2459, 2464, 2467, 2465, 
    2471, 2469, 2468, 2470, 2472, 2474, 2475, 2476, 2475, 2472, 2462, 2453, 
    2439, 2424, 2408, 2391, 2368, 2354, 2331, 2315, 2293, 2276, 2266, 2245, 
    2229, 2216, 2197, 2182, 2160, 2136, 2119, 2096, 2080, 2059, 2045, 2027, 
    2008, 1994, 1981, 1964, 1950, 1937, 1917, 1901, 1881, 1861, 1838, 1824, 
    1812, 1795, 1784, 1776, 1763, 1748, 1739, 1721, 1717, 1703, 1687, 1675, 
    1653, 1641, 1625, 1606, 1595, 1589, 1583, 1577, 1573, 1572, 1570, 1574, 
    1575, 1580, 1587, 1591, 1601, 1608, 1619, 1634, 1653, 1674, 1698, 1718, 
    1749, 1773, 1798, 1825, 1852, 1874, 1904, 1930, 1949, 1980, 2003, 2036, 
    2064, 2093, 2126, 2157, 2184, 2214, 2237, 2263, 2286, 2305, 2325, 2343, 
    2360, 2378, 2394, 2408, 2432, 2446, 2463, 2477, 2493, 2505, 2517, 2529, 
    2536, 2545, 2548, 2559, 2564, 2566, 2570, 2573, 2575, 2574, 2577, 2574, 
    2572, 2564, 2556, 2543, 2530, 2512, 2494, 2474, 2460, 2441, 2418, 2399, 
    2374, 2349, 2328, 2300, 2275, 2245, 2212, 2176, 2141, 2103, 2062, 2020, 
    1984, 1945, 1908, 1869, 1831, 1795, 1761, 1727, 1700, 1664, 1636, 1607, 
    1576, 1551, 1526, 1507, 1487, 1470, 1464, 1454, 1439, 1436, 1429, 1426, 
    1425, 1426, 1427, 1427, 1427, 1434, 1438, 1448, 1459, 1472, 1491, 1512, 
    1537, 1559, 1582, 1610, 1639, 1663, 1692, 1719, 1746, 1774, 1799, 1832, 
    1862, 1890, 1928, 1960, 1992, 2030, 2055, 2090, 2121, 2152, 2184, 2213, 
    2245, 2273, 2303, 2334, 2362, 2397, 2429, 2458, 2489, 2516, 2547, 2560, 
    2579, 2599, 2610, 2623, 2634, 2641, 2647, 2654, 2660, 2666, 2670, 2675, 
    2672, 2668, 2664, 2653, 2639, 2626, 2608, 2591, 2575, 2549, 2529, 2505, 
    2478, 2454, 2430, 2403, 2373, 2339, 2304, 2271, 2234, 2196, 2160, 2125, 
    2095, 2064, 2029, 2004, 1975, 1945, 1922, 1894, 1866, 1838, 1809, 1778, 
    1750, 1719, 1695, 1667, 1643, 1622, 1602, 1583, 1567, 1551, 1537, 1526, 
    1513, 1509, 1499, 1494, 1489, 1488, 1487, 1490, 1492, 1499, 1513, 1519, 
    1529, 1544, 1552, 1564, 1580, 1593, 1611, 1626, 1647, 1665, 1685, 1712, 
    1737, 1762, 1794, 1824, 1850, 1884, 1912, 1941, 1969, 1997, 2030, 2058, 
    2084, 2111, 2136, 2163, 2189, 2213, 2242, 2262, 2287, 2308, 2330, 2353, 
    2372, 2394, 2410, 2428, 2446, 2456, 2471, 2481, 2489, 2502, 2511, 2517, 
    2523, 2524, 2525, 2526, 2525, 2522, 2519, 2515, 2505, 2497, 2490, 2477, 
    2469, 2463, 2452, 2441, 2432, 2417, 2403, 2388, 2371, 2354, 2334, 2312, 
    2291, 2268, 2245, 2218, 2192, 2168, 2141, 2117, 2091, 2070, 2039, 2015, 
    1989, 1961, 1936, 1914, 1887, 1863, 1842, 1824, 1803, 1784, 1768, 1750, 
    1736, 1722, 1709, 1694, 1680, 1667, 1654, 1646, 1639, 1633, 1631, 1628, 
    1628, 1630, 1633, 1636, 1642, 1651, 1658, 1663, 1670, 1677, 1683, 1693, 
    1704, 1713, 1728, 1740, 1753, 1767, 1780, 1793, 1808, 1824, 1836, 1852, 
    1867, 1879, 1895, 1916, 1933, 1953, 1975, 1995, 2013, 2033, 2050, 2068, 
    2084, 2102, 2118, 2131, 2148, 2160, 2175, 2194, 2208, 2230, 2244, 2262, 
    2282, 2293, 2309, 2322, 2336, 2348, 2358, 2370, 2377, 2385, 2395, 2401, 
    2406, 2413, 2417, 2417, 2416, 2416, 2413, 2405, 2399, 2393, 2388, 2381, 
    2372, 2366, 2361, 2350, 2344, 2330, 2327, 2301, 2294, 2260, 2255, 2273, 
    2280, 2218, 2206, 2201, 2210, 2148, 2131, 2125, 2112, 2097, 2060, 2053, 
    2051, 2035, 2025, 1973, 1991, 1972, 1922, 1923, 1898, 1888, 1877, 1835, 
    1841, 1819, 1798, 1775, 1759, 1750, 1730, 1705, 1682, 1679, 1666, 1639, 
    1637, 1627, 1620, 1612, 1600, 1597, 1599, 1598, 1592, 1604, 1599, 1601, 
    1611, 1602, 1619, 1632, 1637, 1655, 1671, 1687, 1701, 1717, 1742, 1769, 
    1787, 1812, 1843, 1861, 1895, 1919, 1949, 1984, 2013, 2033, 2062, 2091, 
    2110, 2138, 2164, 2179, 2204, 2218, 2238, 2255, 2270, 2294, 2310, 2335, 
    2346, 2356, 2372, 2385, 2402, 2411, 2417, 2424, 2442, 2448, 2447, 2456, 
    2462, 2462, 2469, 2468, 2466, 2467, 2462, 2466, 2464, 2462, 2453, 2453, 
    2465, 2451, 2444, 2427, 2426, 2415, 2397, 2383, 2369, 2356, 2335, 2318, 
    2308, 2297, 2269, 2244, 2195, 2179, 2171, 2146, 2113, 2087, 2065, 2037, 
    2018, 2010, 1999, 1972, 1962, 1943, 1930, 1913, 1897, 1884, 1875, 1873, 
    1865, 1856, 1850, 1854, 1859, 1856, 1862, 1872, 1880, 1887, 1891, 1897, 
    1905, 1900, 1904, 1908, 1910, 1912, 1910, 1917, 1915, 1915, 1913, 1925, 
    1923, 1930, 1936, 1944, 1949, 1954, 1948, 1962, 1973, 1979, 1999, 2001, 
    2024, 2032, 2052, 2061, 2069, 2077, 2084, 2104, 2114, 2124, 2135, 2140, 
    2140, 2136, 2145, 2138, 2130, 2128, 2116, 2096, 2093, 2081, 2075, 2076, 
    2066, 2064, 2063, 2049, 2044, 2024, 2034, 1992, 2021, 1769, 1978, 1975, 
    1820, 1838, 1812, 1890, 1978, 1999, 1981, 2010, 2132, 2138, 2112, 2046, 
    2153, 1682, 2278, 1740, 1985, 2365, 2052, 1907, 1971, 2059, 1979, 1661, 
    2068, 1944, 2075, 1969, 1774, 2003, 1817, 1802, 1837, 1682, 1801, 1814, 
    1727, 1597, 1575, 1643, 1087, 1726, 2160, 1866, 1910, 1776, 2105, 2079, 
    2090, 1909, 2057, 1951
};

#define LEN_AUDIO_BACK 9460
